30.302
35.7741
41.8634
44.0819
42.2826
39.6702
37.712
36.1738
33.7279
32.7705
32.407
30.4199
31.785
30.1844
30.845
29.5116
27.9478
27.2229
27.439
28.4947
26.3063
24.3148
25.1368
24.8529
26.1896
24.2375
23.693
23.2416
22.1992
23.1378
22.6039
23.4454
26.2721
18.9914
19.9562
22.8375
19.6362
17.9446
24.0819
25.4006
21.2512
19.0223
23.5052
17.7458
19.8295
21.8734
19.378
14.6879
18.1066
22.1346
18.0366
22.413
19.7628
19.7394
19.8095
19.3079
20.9958
15.4573
19.812
21.3681
14.5857
19.36
17.1531
20.9809
18.37
15.85
21.8871
15.4677
17.142
18.236
18.7915
16.3187
20.1578
18.231
18.3567
17.4973
15.139
19.8083
15.834
20.2636
14.5731
15.3695
16.5968
16.5836
13.076
13.3314
11.9879
14.9777
11.4906
18.2458
17.8686
15.6218
8.9627
14.662
15.197
10.5937
17.4702
9.6494
18.971
18.3326
18.789
16.0224
13.7865
14.0746
14.5387
17.0053
16.4616
12.6817
13.5435
14.5454
7.55202
17.379
21.6532
6.98114
12.6027
7.83151
8.39941
14.1898
17.5553
12.6357
23.0029
13.7173
19.2507
11.231
18.5776
15.027
6.20091
8.99223
10.9545
5.73122
19.6935
10.4869
24.3827
2.86106
-4.36365
14.0034
17.4611
9.85455
8.1928
14.9286
17.4927
17.5653
10.0122
14.1456
24.6078
11.9602
5.25867
14.3699
10.2094
3.91456
10.1395
4.98324
10.7672
17.5035
22.9636
9.99405
16.3354
11.6277
8.97376
0.179225
0.563911
-18.8264
16.1121
-20.9455
-25.6399
-2.01663
-13.6971
-12.4572
10.3781
0.105937
12.9507
10.5108
14.4381
4.41969
11.4169
12.3426
10.1332
-5.32293
24.9264
-2.47543
18.8447
6.51509
2.34993
6.3724
11.5092
-12.5069
4.18389
1.36703
-9.71547
-20.784
-0.794008
-1.47223
-0.505978
12.1223
-1.84138
39.8153
-0.0198513
6.22869
5.06646
8.77467
3.52121
6.2437
2.72292
5.52926
8.77975
4.28411
16.3498
6.71122
7.57747
3.75237
5.21278
8.42177
6.3932
5.36705
1.86523
7.90117
8.5647
8.03043
3.52199
2.06277
2.6687
-0.489464
2.66611
6.3543
7.00682
9.64831
7.70831
6.52255
7.15997
0.284131
2.5567
7.20594
8.54058
4.29837
3.99117
4.80149
6.60276
7.41957
0.70264
5.91715
5.0997
9.13857
6.25516
7.38151
4.94223
6.08515
8.8465
3.91596
1.67156
5.13185
6.03196
5.53705
6.76463
6.14808
2.91994
6.03712
5.29972
9.35475
9.08664
8.44215
6.18273
5.17514
6.93661
5.43366
8.23484
11.1179
0.107059
7.11918
7.11134
4.46072
2.40681
1.70461
3.66757
-0.440311
2.48836
-1.03146
0.558749
3.71475
3.29915
-0.496677
4.70677
0.670039
1.74403
2.79944
6.31895
2.52289
5.70291
5.233
0.717295
4.62079
5.79146
0.446272
1.19076
3.38325
4.22271
3.65468
3.26563
0.530495
3.58435
5.28091
3.41636
1.21922
4.76747
0.11418
2.07194
0.615225
4.6198
1.45981
-0.429213
3.15995
3.80961
0.980392
0.873895
2.75085
6.75461
0.702385
2.80896
-0.6376
1.447
2.9608
1.37608
0.412838
1.3744
4.93556
5.28541
